lat: 52.518611
lng: 13.408333
